9.933,30,298,67
B0,mixamorig_Hips,-1,0.9984463453292847,0.04247918725013733,-0.0360686220228672,0,-0.04380355030298233,0.9983630180358887,-0.03678068518638611,0,0.03444712236523628,0.03830336779356003,0.9986721873283386,0,-10.553107261657715,95.43488311767578,1.1500309705734253,1
B1,mixamorig_Spine,0,0.9999221563339233,0.008526178076863289,0.009091316722333431,0,-0.007729313801974058,0.9964098930358887,-0.08431005477905273,0,-0.009777725674211979,0.08423309028148651,0.9963976740837097,0,0.012400999665260315,10.445220947265625,-0.9962760210037231,1
B2,mixamorig_Spine1,1,0.9977842569351196,0.020079495385289192,0.06343472003936768,0,-0.020428720861673355,0.9997792840003967,0.00485876202583313,0,-0.06332281231880188,-0.006144489161670208,0.9979737401008606,0,0,12.174813270568848,0,1
B3,mixamorig_Spine2,2,0.9978013038635254,0.02044958434998989,0.06304694712162018,0,-0.02662094682455063,0.9947649240493774,0.09865467250347137,0,-0.06069967895746231,-0.10011594742536545,0.9931226372718811,0,0,14.03822135925293,0,1
B4,mixamorig_Neck,3,0.998274564743042,-0.04982437565922737,-0.031056053936481476,0,0.04828841984272003,0.997661292552948,-0.04836020618677139,0,0.03339369222521782,0.04677775502204895,0.9983460903167725,0,0.04988599941134453,15.686725616455078,-1.4916470050811768,1
B5,mixamorig_Head,4,0.9992462396621704,0.03363913670182228,0.01933080144226551,0,-0.03524290770292282,0.9953498840332031,0.08964741230010986,0,-0.016224483028054237,-0.09026181697845459,0.9957848787307739,0,0,7.013167858123779,0.9184420108795166,1
B6,mixamorig_HeadTop_End,5,1,0,0,0,0,1,0,0,0,0,1,0,0.17337599396705627,21.490570068359375,2.7023749351501465,1
B7,LeftEye,5,1,0,0,0,0,1,0,0,0,0,1,0,3.0231540203094482,9.781036376953125,8.339932441711426,1
B8,RightEye,5,1,0,0,0,0,1,0,0,0,0,1,0,-2.8669331073760986,9.781036376953125,8.202078819274902,1
B9,mixamorig_LeftShoulder,3,-0.12886030972003937,-0.0022034593857824802,-0.9916597604751587,0,0.9468039870262146,-0.2976303696632385,-0.12237071245908737,0,-0.2948780059814453,-0.9546768069267273,0.04043778032064438,0,6.264248847961426,12.592029571533203,-1.4592770338058472,1
B10,mixamorig_LeftArm,9,0.9086795449256897,0.39413613080978394,-0.13766202330589294,0,-0.10368814319372177,0.5324651002883911,0.8400764465332031,0,0.4044054448604584,-0.7490864396095276,0.524707019329071,0,0,13.826987266540527,0,1
B11,mixamorig_LeftForeArm,10,0.8630771040916443,0.5050720572471619,-0.000014999999621068127,0,-0.5050720572471619,0.8630771040916443,1.0706906715396425e-11,0,0.000012999999853491317,0.000007863623068260495,1,0,0,21.77301025390625,0,1
B12,mixamorig_LeftHand,11,0.9628779888153076,-0.22849605977535248,-0.14371244609355927,0,0.2553479075431824,0.9436631798744202,0.21046745777130127,0,0.08752525597810745,-0.239352285861969,0.9669777154922485,0,0,26.464088439941406,0,1
B13,mixamorig_LeftHandThumb1,12,0.9465658664703369,0.29729577898979187,0.12501414120197296,0,-0.3210125267505646,0.9058287739753723,0.2764500677585602,0,-0.0310534555464983,-0.3018096089363098,0.9528625011444092,0,-2.080733060836792,3.8893980979919434,1.8793649673461914,1
B14,mixamorig_LeftHandThumb2,13,0.9652201533317566,-0.2586921751499176,-0.037786368280649185,0,0.2596736252307892,0.9654027223587036,0.023817000910639763,0,0.030317232012748718,-0.032801371067762375,0.9990022778511047,0,0,3.9019439220428467,0,1
B15,mixamorig_LeftHandThumb3,14,0.9994889497756958,-0.03196650370955467,0.0009010911453515291,0,0.031972505152225494,0.9983420372009277,-0.047869499772787094,0,0.0006304091075435281,0.04787436127662659,0.998853325843811,0,0,4.102431774139404,0,1
B16,mixamorig_LeftHandThumb4,15,1,0,0,0,0,1,0,0,0,0,1,0,0,3.2865819931030273,0,1
B17,mixamorig_LeftHandIndex1,12,0.9996531009674072,-0.026245320215821266,-0.00227809208445251,0,0.025123821571469307,0.9237602353096008,0.3821468949317932,0,-0.007924818433821201,-0.38207191228866577,0.9240990281105042,0,-2.8032400608062744,13.619125366210938,0.6143010258674622,1
B18,mixamorig_LeftHandIndex2,17,0.9986868500709534,-0.05008426681160927,-0.010775088332593441,0,0.05008426681160927,0.9102742075920105,0.41095027327537537,0,-0.010775088332593441,-0.41095027327537537,0.9115874171257019,0,0,2.4450910091400146,0,1
B19,mixamorig_LeftHandIndex3,18,0.9998096823692322,-0.01943422108888626,-0.001494953758083284,0,0.01942422054708004,0.987023651599884,0.1593768298625946,0,-0.0016228174790740013,-0.15937581658363342,0.9872139692306519,0,0,2.059433937072754,0,1
B20,mixamorig_LeftHandIndex4,19,1,0,0,0,0,1,0,0,0,0,1,0,0,2.7302310466766357,0,1
B21,mixamorig_LeftHandMiddle1,12,0.9989755153656006,-0.04431314021348953,-0.009207956492900848,0,0.043441593647003174,0.8816991448402405,0.4698077440261841,0,-0.012700681574642658,-0.4697263240814209,0.8827204704284668,0,-0.06149100139737129,13.711572647094727,-0.13313999772071838,1
B22,mixamorig_LeftHandMiddle2,21,0.999609649181366,-0.027744630351662636,-0.003328998340293765,0,0.02777276560664177,0.9732906222343445,0.2278689444065094,0,-0.0030831347685307264,-0.22787193953990936,0.9736809730529785,0,0,2.7342190742492676,0,1
B23,mixamorig_LeftHandMiddle3,22,0.9995396733283997,-0.030109453946352005,-0.0037953637074679136,0,0.03011259250342846,0.9684651494026184,0.24732355773448944,0,-0.0037713637575507164,-0.24732369184494019,0.968925416469574,0,0,2.352200984954834,0,1
B24,mixamorig_LeftHandMiddle4,23,1,0,0,0,0,1,0,0,0,0,1,0,0,2.9197819232940674,0,1
B25,mixamorig_LeftHandRing1,12,0.9993969798088074,-0.03469941392540932,-0.0011344571830704808,0,0.029633140191435814,0.83555668592453,0.5486046075820923,0,-0.018088044598698616,-0.5483075976371765,0.8360815048217773,0,2.8652749061584473,12.981084823608398,-0.31296399235725403,1
B26,mixamorig_LeftHandRing2,25,0.9997147917747498,-0.023781904950737953,-0.002342317486181855,0,0.023781904950737953,0.9804962873458862,0.19508510828018188,0,-0.0023433174937963486,-0.19508510828018188,0.9807822108268738,0,0,2.592458963394165,0,1
B27,mixamorig_LeftHandRing3,26,0.999737024307251,-0.022816045209765434,-0.002158272545784712,0,0.02281704545021057,0.9820618629455566,0.18717263638973236,0,-0.002151409164071083,-0.18717263638973236,0.9823248386383057,0,0,2.171626091003418,0,1
B28,mixamorig_LeftHandRing4,27,1,0,0,0,0,1,0,0,0,0,1,0,0,2.9127719402313232,0,1
B29,mixamorig_LeftHandPinky1,12,0.9929924607276917,-0.10636031627655029,-0.05151636153459549,0,0.11621005088090897,0.7995137572288513,0.5892896056175232,0,-0.021489951759576797,-0.5911459922790527,0.8062715530395508,0,5.564863204956055,12.410236358642578,0.6416739821434021,1
B30,mixamorig_LeftHandPinky2,29,0.9988933801651001,0.04699155315756798,-0.0020077258814126253,0,-0.045600783079862595,0.9780312180519104,0.2033858448266983,0,0.011520178988575935,-0.2030697613954544,0.9790921211242676,0,0,1.8336529731750488,0,1
B31,mixamorig_LeftHandPinky3,30,0.9998660087585449,-0.01633404567837715,-0.0010598637163639069,0,0.016329046338796616,0.9908830523490906,0.13373221457004547,0,-0.0011338636977598071,-0.13373208045959473,0.9910170435905457,0,0,1.4919699430465698,0,1
B32,mixamorig_LeftHandPinky4,31,1,0,0,0,0,1,0,0,0,0,1,0,0,1.8941700458526611,0,1
B33,mixamorig_RightShoulder,3,0.012081388384103775,-0.011357949115335941,0.9998621940612793,0,-0.9869946241378784,-0.16042470932006836,0.010102799162268639,0,0.1602877527475357,-0.9869817495346069,-0.01315021887421608,0,-6.168188095092773,12.592029571533203,-1.52401602268219,1
B34,mixamorig_RightArm,33,0.915815532207489,-0.3977120816707611,0.0557033009827137,0,0.14919601380825043,0.46571874618530273,0.8722637891769409,0,-0.37285441160202026,-0.7905222773551941,0.4858490824699402,0,0,13.922137260437012,0,1
B35,mixamorig_RightForeArm,34,0.9043470621109009,-0.4267968237400055,-0.00002700000004551839,0,0.4267968237400055,0.9043470621109009,-0.000007999999979801942,0,0.000028000000384054147,-0.0000049999894145003054,1,0,0,21.680068969726562,0,1
B36,mixamorig_RightHand,35,0.9625153541564941,0.27116870880126953,0.005601359065622091,0,-0.27121713757514954,0.9624471664428711,0.011684095486998558,0,-0.00222263066098094,-0.012765548191964626,0.9999163746833801,0,0,26.395057678222656,0,1
B37,mixamorig_RightHandThumb1,36,0.9773470759391785,-0.1369190663099289,0.1613844335079193,0,0.07088375836610794,0.9302665591239929,0.35996896028518677,0,-0.19941847026348114,-0.34037595987319946,0.9188992381095886,0,2.352828025817871,4.060064792633057,1.9054869413375854,1
B38,mixamorig_RightHandThumb2,37,0.9951544404029846,0.027570748701691628,0.09436934441328049,0,-0.03227638453245163,0.9982904195785522,0.048706360161304474,0,-0.09286479651927948,-0.05151699483394623,0.9943444132804871,0,0,4.0464701652526855,0,1
B39,mixamorig_RightHandThumb3,38,0.9999414682388306,-0.010775876231491566,0.0010316370753571391,0,0.010819467715919018,0.9980335235595703,-0.06174454838037491,0,-0.00036418173112906516,0.06175227463245392,0.9980910420417786,0,0,4.102284908294678,0,1
B40,mixamorig_RightHandThumb4,39,1,0,0,0,0,1,0,0,0,0,1,0,0,2.994673013687134,0,1
B41,mixamorig_RightHandIndex1,36,0.9975931644439697,0.06860267370939255,0.010041361674666405,0,-0.06933413445949554,0.9872406721115112,0.1433364748954773,0,-0.00007886375533416867,-0.1436878889799118,0.9896212816238403,0,2.9655799865722656,13.623693466186523,0.4713279902935028,1
B42,mixamorig_RightHandIndex2,41,0.9974395036697388,0.06836290657520294,0.021004997193813324,0,-0.06836304068565369,0.8251482844352722,0.5607625842094421,0,0.021003132686018944,-0.5607625842094421,0.8277088403701782,0,0,2.4450531005859375,0,1
B43,mixamorig_RightHandIndex3,42,0.9997990727424622,0.01999622955918312,0.0015528639778494835,0,-0.019980229437351227,0.9862754940986633,0.16388791799545288,0,0.0017457276117056608,-0.1638859212398529,0.986477255821228,0,0,2.0594329833984375,0,1
B44,mixamorig_RightHandIndex4,43,1,0,0,0,0,1,0,0,0,0,1,0,0,2.730319023132324,0,1
B45,mixamorig_RightHandMiddle1,36,0.9958757162094116,0.08892881870269775,0.017975589260458946,0,-0.0907253697514534,0.9746600985527039,0.20446206629276276,0,0.0006624085363000631,-0.20524996519088745,0.9787090420722961,0,0.11246900260448456,13.970365524291992,-0.03334299847483635,1
B46,mixamorig_RightHandMiddle2,45,0.9984248280525208,0.054470356553792953,0.0134194977581501,0,-0.05469576641917229,0.8920243382453918,0.44865426421165466,0,0.012468906119465828,-0.44868141412734985,0.8935995101928711,0,0,2.734241008758545,0,1
B47,mixamorig_RightHandMiddle3,46,0.9996497631072998,0.017713410779833794,-0.019654860720038414,0,-0.015129364095628262,0.9920895099639893,0.12461760640144348,0,0.021706318482756615,-0.12427591532468796,0.9920100569725037,0,0,2.3521931171417236,0,1
B48,mixamorig_RightHandMiddle4,47,1,0,0,0,0,1,0,0,0,0,1,0,0,2.9198050498962402,0,1
B49,mixamorig_RightHandRing1,36,0.9987101554870605,0.04892897233366966,0.013540462590754032,0,-0.05026833713054657,0.9157418012619019,0.39861029386520386,0,0.007104089949280024,-0.3987773656845093,0.9170199632644653,0,-2.7493679523468018,13.308055877685547,-0.012117000296711922,1
B50,mixamorig_RightHandRing2,49,0.9991169571876526,0.04137640446424484,0.007231997791677713,0,-0.04137640446424484,0.9398314356803894,0.33910152316093445,0,0.007235861383378506,-0.33910152316093445,0.9407135248184204,0,0,2.4558160305023193,0,1
B51,mixamorig_RightHandRing3,50,0.9994589686393738,0.023746546357870102,-0.02274440787732601,0,-0.01975618302822113,0.9866069555282593,0.161911740899086,0,0.02628522552549839,-0.16137433052062988,0.9865427613258362,0,0,2.1717000007629395,0,1
B52,mixamorig_RightHandRing4,51,1,0,0,0,0,1,0,0,0,0,1,0,0,2.9127440452575684,0,1
B53,mixamorig_RightHandPinky1,36,0.9954014420509338,0.08775120973587036,0.03841456398367882,0,-0.09441749006509781,0.8311036229133606,0.5480436086654663,0,0.016165180131793022,-0.5491507649421692,0.8355669975280762,0,-4.565394878387451,11.387080192565918,0.47880399227142334,1
B54,mixamorig_RightHandPinky2,53,0.999225914478302,0.03874140605330467,0.006866544485092163,0,-0.0389128141105175,0.9473019242286682,0.3179628252983093,0,0.005814816802740097,-0.31798383593559265,0.9480759501457214,0,0,2.2283310890197754,0,1
B55,mixamorig_RightHandPinky3,54,0.9998090863227844,0.019488725811243057,0.0013512728037312627,0,-0.019453590735793114,0.9869757294654846,0.15967640280723572,0,0.0017791363643482327,-0.15967240929603577,0.9871664643287659,0,0,2.0220870971679688,0,1
B56,mixamorig_RightHandPinky4,55,1,0,0,0,0,1,0,0,0,0,1,0,0,2.315701961517334,0,1
B57,mixamorig_LeftUpLeg,0,-0.988444447517395,-0.10339311510324478,0.11084576696157455,0,0.11846384406089783,-0.9831295609474182,0.13933567702770233,0,0.09456673264503479,0.15085649490356445,0.9840176701545715,0,10.128666877746582,-5.802834987640381,-0.5827029943466187,1
B58,mixamorig_LeftLeg,57,0.9843394160270691,0.09125230461359024,0.15082019567489624,0,-0.0171885397285223,0.9011785387992859,-0.4330790936946869,0,-0.1754409521818161,0.42370450496673584,0.8886342644691467,0,0,41.15174102783203,0,1
B59,mixamorig_LeftFoot,58,0.9906633496284485,-0.12634465098381042,0.05121428146958351,0,0.021397046744823456,0.5150974988937378,0.8568611145019531,0,-0.13464060425758362,-0.8477652072906494,0.5129919052124023,0,9.999999974752427e-7,37.49300003051758,0,1
B60,mixamorig_LeftToeBase,59,0.997826099395752,-0.044676728546619415,0.04843872785568237,0,-0.003403863636776805,0.699154794216156,0.7149621844291687,0,-0.06580772250890732,-0.7135732173919678,0.6974827647209167,0,0,20.200000762939453,0,1
B61,mixamorig_LeftToe_End,60,1,0,0,0,0,1,0,0,0,0,1,0,0,7.526000022888184,0,1
B62,mixamorig_RightUpLeg,0,-0.9864674806594849,0.02299988642334938,-0.162332683801651,0,-0.05810778960585594,-0.9748867154121399,0.2149808406829834,0,-0.15331371128559113,0.22150439023971558,0.9630311131477356,0,-10.015142440795898,-5.802847862243652,-0.5827010273933411,1
B63,mixamorig_RightLeg,62,0.9941019415855408,-0.04687017947435379,-0.09780086576938629,0,-0.016265863552689552,0.8271514177322388,-0.5617367029190063,0,0.1072261780500412,0.5600144267082214,0.8215100765228271,0,0,41.15166473388672,0,1
B64,mixamorig_RightFoot,63,0.9625813364982605,0.023527638986706734,-0.2699688673019409,0,0.23697835206985474,0.41014155745506287,0.8806940317153931,0,0.13144560158252716,-0.9117171764373779,0.38921889662742615,0,9.999999974752427e-7,37.49299621582031,0,1
B65,mixamorig_RightToeBase,64,0.9978860020637512,0.044054001569747925,-0.04777200147509575,0,0.002841999987140298,0.7048429846763611,0.7093570232391357,0,0.06492199748754501,-0.7079939842224121,0.7032279968261719,0,0,20.200000762939453,0,1
B66,mixamorig_RightToe_End,65,1,0,0,0,0,1,0,0,0,0,1,0,0,7.525997161865234,0,1
@52,0,1,2,3,4,5,9,10,11,12,13,14,15,17,18,19,21,22,23,25,26,27,29,30,31,33,34,35,36,37,38,39,41,42,43,45,46,47,49,50,51,53,54,55,57,58,59,60,62,63,64,65
K0.000,0.9997810125350952,-0.020809000357985497,0.0022819999139755964,0,0.020862000063061714,0.9994310140609741,-0.02650200016796589,0,-0.0017290000105276704,0.02654399909079075,0.999646008014679,0,0.05073900148272514,95.72222900390625,0.8259339928627014,1,0.9999939799308777,0.0024679999332875013,0.0023870000150054693,0,-0.0022730000782757998,0.9969279766082764,-0.07829400151968002,0,-0.0025730000343173742,0.0782879963517189,0.99692702293396,0,0.012400999665260315,10.445220947265625,-0.9962760210037231,1,0.9990609884262085,-0.002343999920412898,0.04325199872255325,0,0.001576000009663403,0.9998400211334229,0.017796000465750694,0,-0.0432870015501976,-0.01771100051701069,0.9989060163497925,0,0,12.174813270568848,0,1,0.9990620017051697,-0.0015839999541640282,0.04327499866485596,0,-0.0033019999973475933,0.993632972240448,0.1126129999756813,0,-0.04317700117826462,-0.11265099793672562,0.9926959872245789,0,0,14.03822135925293,0,1,0.9995719790458679,-0.025620000436902046,-0.014146000146865845,0,0.02490900084376335,0.998520016670227,-0.04834799841046333,0,0.015363999642431736,0.047974999994039536,0.9987300038337708,0,0.04988599941134453,15.686725616455078,-1.4916470050811768,1,0.9975690245628357,0.06154999881982803,0.032680999487638474,0,-0.06441199779510498,0.9933639764785767,0.09528599679470062,0,-0.026599999517202377,-0.09715999662876129,0.9949129819869995,0,0,7.013167858123779,0.9184420108795166,1,-0.130172997713089,-0.00570600014179945,-0.991474986076355,0,0.9566270112991333,-0.26357001066207886,-0.12408100068569183,0,-0.2606149911880493,-0.964622974395752,0.039767999202013016,0,6.264248847961426,12.592029571533203,-1.4592770338058472,1,0.9081100225448608,0.39329901337623596,-0.1437070071697235,0,-0.0987740010023117,0.5347129702568054,0.8392410278320312,0,0.40691500902175903,-0.7479289770126343,0.5244259834289551,0,0,13.826987266540527,0,1,0.8721129894256592,0.4893049895763397,-0.000014999999621068127,0,-0.4893049895763397,0.8721129894256592,0,0,0.000012999999853491317,0.000007000000096013537,1,0,0,21.77301025390625,0,1,0.9598169922828674,-0.24221700429916382,-0.14171400666236877,0,0.26776498556137085,0.9416049718856812,0.20416299998760223,0,0.08398699760437012,-0.23390500247478485,0.968625009059906,0,0,26.464088439941406,0,1,0.9425399899482727,0.3087120056152344,0.12772999703884125,0,-0.3326979875564575,0.9021999835968018,0.2744939923286438,0,-0.030497999861836433,-0.3012169897556305,0.9530680179595947,0,-2.080733060836792,3.8893980979919434,1.8793649673461914,1,0.9593619704246521,-0.27664700150489807,-0.05560699850320816,0,0.2784000039100647,0.9600970149040222,0.026597000658512115,0,0.04602999985218048,-0.04099800065159798,0.9980980157852173,0,0,3.9019439220428467,0,1,0.9987419843673706,-0.05010899901390076,0.0017049999441951513,0,0.05013599991798401,0.9977920055389404,-0.04355299845337868,0,0.00048099999548867345,0.04358299821615219,0.9990500211715698,0,0,4.102431774139404,0,1,0.9998760223388672,-0.015713000670075417,0.0010720000136643648,0,0.014336000196635723,0.9361770153045654,0.3512359857559204,0,-0.006523000076413155,-0.35117700695991516,0.9362859725952148,0,-2.8032400608062744,13.619125366210938,0.6143010258674622,1,0.9972530007362366,-0.0705529972910881,-0.02253499999642372,0,0.07055199891328812,0.8123459815979004,0.5788930058479309,0,-0.02253600023686886,-0.5788930058479309,0.8150920271873474,0,0,2.4450910091400146,0,1,0.9993259906768799,-0.03629999980330467,-0.00546600017696619,0,0.036281000822782516,0.9539729952812195,0.2976889908313751,0,-0.00559200020506978,-0.29768699407577515,0.9546470046043396,0,0,2.059433937072754,0,1,0.9993759989738464,-0.0350009985268116,-0.004774999804794788,0,0.03341099992394447,0.8926560282707214,0.4494990110397339,0,-0.011470000259578228,-0.44937801361083984,0.8932679891586304,0,-0.06149100139737129,13.711572647094727,-0.13313999772071838,1,0.9987289905548096,-0.049279000610113144,-0.010549000464379787,0,0.0493290014564991,0.9131050109863281,0.4047299921512604,0,-0.010312000289559364,-0.4047360122203827,0.9143750071525574,0,0,2.7342190742492676,0,1,0.9995070099830627,-0.031134000048041344,-0.004062000196427107,0,0.031137000769376755,0.9662439823150635,0.2557390034198761,0,-0.004036999773234129,-0.2557390034198761,0.9667369723320007,0,0,2.352200984954834,0,1,0.9996259808540344,-0.027130000293254852,0.0034620000515133142,0,0.020896999165415764,0.8392980098724365,0.5432699918746948,0,-0.01764499954879284,-0.5429949760437012,0.8395509719848633,0,2.8652749061584473,12.981084823608398,-0.31296399235725403,1,0.9993320107460022,-0.03613699972629547,-0.005481000058352947,0,0.03613699972629547,0.9543700218200684,0.2964310050010681,0,-0.005481000058352947,-0.2964310050010681,0.9550390243530273,0,0,2.592458963394165,0,1,0.9997270107269287,-0.023259999230504036,-0.0022430000826716423,0,0.023260999470949173,0.9813519716262817,0.1908089965581894,0,-0.002237000036984682,-0.1908089965581894,0.9816250205039978,0,0,2.171626091003418,0,1,0.9916560053825378,-0.11109299957752228,-0.06539800018072128,0,0.12412399798631668,0.6858429908752441,0.7170860171318054,0,-0.034811001271009445,-0.719219982624054,0.6939089894294739,0,5.564863204956055,12.410236358642578,0.6416739821434021,1,0.9996060132980347,0.026914000511169434,-0.00801900029182434,0,-0.022079000249505043,0.9296349883079529,0.36781999468803406,0,0.017354000359773636,-0.3674980103969574,0.9298620223999023,0,0,1.8336529731750488,0,1,0.9998670220375061,-0.01627800054848194,-0.0010529999854043126,0,0.016272999346256256,0.9909459948539734,0.1332709938287735,0,-0.0011259999591857195,-0.1332709938287735,0.9910789728164673,0,0,1.4919699430465698,0,1,0.039271000772714615,-0.017914999276399612,0.999068021774292,0,-0.9810069799423218,-0.190761998295784,0.0351409986615181,0,0.1899539977312088,-0.9814730286598206,-0.02506599947810173,0,-6.168188095092773,12.592029571533203,-1.52401602268219,1,0.9003310203552246,-0.4299049973487854,0.06772299855947495,0,0.15898999571800232,0.469760000705719,0.8683590292930603,0,-0.4051249921321869,-0.7710430026054382,0.49129000306129456,0,0,13.922137260437012,0,1,0.8902450203895569,-0.45548298954963684,-0.00002700000004551839,0,0.45548298954963684,0.8902450203895569,-0.000009000000318337698,0,0.000028000000384054147,-0.000004999999873689376,1,0,0,21.680068969726562,0,1,0.9641759991645813,0.26308900117874146,-0.03389500081539154,0,-0.2622990012168884,0.9646350145339966,0.026041999459266663,0,0.03954799845814705,-0.0162189994007349,0.9990860223770142,0,0,26.395057678222656,0,1,0.9762259721755981,-0.13088999688625336,0.172775998711586,0,0.05950399860739708,0.9283000230789185,0.3670400083065033,0,-0.20843000710010529,-0.34803301095962524,0.914018988609314,0,2.352828025817871,4.060064792633057,1.9054869413375854,1,0.9961699843406677,0.016682999208569527,0.08583500236272812,0,-0.020726000890135765,0.9987069964408875,0.04642099887132645,0,-0.08495000004768372,-0.04802199825644493,0.9952269792556763,0,0,4.0464701652526855,0,1,0.9998499751091003,-0.017254000529646873,0.0014560000272467732,0,0.01731099933385849,0.9978569746017456,-0.06310799717903137,0,-0.0003640000068116933,0.06312400102615356,0.9980059862136841,0,0,4.102284908294678,0,1,0.9966189861297607,0.08075600117444992,0.01513299997895956,0,-0.08216000348329544,0.9785299897193909,0.1890220046043396,0,0.0004569999873638153,-0.18962599337100983,0.9818559885025024,0,2.9655799865722656,13.623693466186523,0.4713279902935028,1,0.9967700242996216,0.07581000030040741,0.026492999866604805,0,-0.0758109986782074,0.7794569730758667,0.6218519806861877,0,0.026491999626159668,-0.6218519806861877,0.7826870083808899,0,0,2.4450531005859375,0,1,0.9998540282249451,0.017038999125361443,0.0010989999864250422,0,-0.017024999484419823,0.9900550246238708,0.1396470069885254,0,0.0012910000514239073,-0.1396459937095642,0.9902009963989258,0,0,2.0594329833984375,0,1,0.9925609827041626,0.11564599722623825,0.03806700184941292,0,-0.12167099863290787,0.930899977684021,0.34441500902175903,0,0.004393999930471182,-0.3464840054512024,0.9380450248718262,0,0.11246900260448456,13.970365524291992,-0.03334299847483635,1,0.9981229901313782,0.059137001633644104,0.015894999727606773,0,-0.05938100069761276,0.8713330030441284,0.4870859980583191,0,0.014955000020563602,-0.4871160089969635,0.8732089996337891,0,0,2.734241008758545,0,1,0.9995329976081848,0.013938000425696373,-0.027205999940633774,0,-0.011339999735355377,0.9955629706382751,0.09340800344944,0,0.028387000784277916,-0.09305600076913834,0.9952560067176819,0,0,2.3521931171417236,0,1,0.9964249730110168,0.07872600108385086,0.030667999759316444,0,-0.08365199714899063,0.8683279752731323,0.48888498544692993,0,0.011858000420033932,-0.4897019863128662,0.8718090057373047,0,-2.7493679523468018,13.308055877685547,-0.012117000296711922,1,0.9989169836044312,0.04567499831318855,0.008875000290572643,0,-0.045673999935388565,0.9261699914932251,0.3743300139904022,0,0.00887800008058548,-0.3743300139904022,0.927253007888794,0,0,2.4558160305023193,0,1,0.9992849826812744,0.022525999695062637,-0.03037000074982643,0,-0.01785000041127205,0.9890810251235962,0.1462859958410263,0,0.03333299979567528,-0.14563900232315063,0.9887760281562805,0,0,2.1717000007629395,0,1,0.9911230206489563,0.11669299751520157,0.06370499730110168,0,-0.13132600486278534,0.7846329808235168,0.60589200258255,0,0.020718000829219818,-0.608879029750824,0.7929919958114624,0,-4.565394878387451,11.387080192565918,0.47880399227142334,1,0.9993299841880798,0.03611399978399277,0.006016999948769808,0,-0.03627400100231171,0.9543730020523071,0.29640400409698486,0,0.00496200006455183,-0.296424001455307,0.9550439715385437,0,0,2.2283310890197754,0,1,0.9998639822006226,0.016481000930070877,0.0009030000073835254,0,-0.01645199954509735,0.9907050132751465,0.13502900302410126,0,0.0013310000067576766,-0.1350249946117401,0.9908409714698792,0,0,2.0220870971679688,0,1,-0.9961230158805847,-0.042725998908281326,0.07690399885177612,0,0.056843001395463943,-0.9797599911689758,0.1919340044260025,0,0.06714700162410736,0.19556200504302979,0.9783899784088135,0,10.128666877746582,-5.802834987640381,-0.5827029943466187,1,0.9867870211601257,0.08306699991226196,0.13910700380802155,0,0.002125999890267849,0.851859986782074,-0.5237650275230408,0,-0.16200700402259827,0.5171399712562561,0.8404279947280884,0,0,41.15174102783203,0,1,0.9869610071182251,-0.05498199909925461,0.1512800008058548,0,-0.11294099688529968,0.4330979883670807,0.8942430019378662,0,-0.11468599736690521,-0.8996689915657043,0.42124098539352417,0,0,37.49300003051758,0,1,0.9978259801864624,-0.044679999351501465,0.04844199866056442,0,-0.003407000098377466,0.6991239786148071,0.7149930000305176,0,-0.06581299751996994,-0.7136030197143555,0.6974520087242126,0,0,20.200000762939453,0,1,-0.9665809869766235,0.07552000135183334,-0.24498599767684937,0,-0.12230800092220306,-0.9757009744644165,0.18178999423980713,0,-0.2253050059080124,0.20567800104618073,0.952331006526947,0,-10.015142440795898,-5.802847862243652,-0.5827010273933411,1,0.9971659779548645,-0.04782399907708168,-0.05806899815797806,0,0.01565600000321865,0.8869490027427673,-0.46160200238227844,0,0.07357999682426453,0.4593850076198578,0.8851839900016785,0,0,41.15166473388672,0,1,0.9800980091094971,0.09711799770593643,-0.1731330007314682,0,0.09844300150871277,0.5195749998092651,0.848734974861145,0,0.17238299548625946,-0.848887026309967,0.499673992395401,0,0,37.49299621582031,0,1,0.9978860020637512,0.044054001569747925,-0.04777200147509575,0,0.0028429999947547913,0.7048429846763611,0.7093579769134521,0,0.06492199748754501,-0.7079939842224121,0.7032279968261719,0,0,20.200000762939453,0,1
K0.033,0.9997410178184509,-0.02261601760983467,0.002601001178845763,0,0.022678017616271973,0.9993810057640076,-0.026892004534602165,0,-0.0019910007249563932,0.026944003999233246,0.9996349811553955,0,0.22593970596790314,95.67851257324219,0.7903308868408203,1,0.9999949932098389,0.0024039989802986383,0.0021339973900467157,0,-0.002230999292805791,0.9969789981842041,-0.07764099538326263,0,-0.0023139973636716604,0.0776359960436821,0.9969789981842041,0,0.012400999665260315,10.445220947265625,-0.9962760210037231,1,0.9990770220756531,-0.0025760026182979345,0.04288599640130997,0,0.0017610022332519293,0.9998170137405396,0.01902301050722599,0,-0.04292699694633484,-0.018930010497570038,0.998898983001709,0,0,12.174813270568848,0,1,0.9990770220756531,-0.0017920024693012238,0.04291199520230293,0,-0.003107997588813305,0.9934939742088318,0.11384400725364685,0,-0.0428369976580143,-0.11387200653553009,0.9925709962844849,0,0,14.03822135925293,0,1,0.9995980262756348,-0.024734992533922195,-0.013823997229337692,0,0.02404899336397648,0.9985679984092712,-0.04779499024152756,0,0.01498599722981453,0.04744398966431618,0.998760998249054,0,0.04988599941134453,15.686725616455078,-1.4916470050811768,1,0.9975100159645081,0.06233600899577141,0.03297100216150284,0,-0.0652020052075386,0.9933879971504211,0.09449400007724762,0,-0.026862001046538353,-0.09640900045633316,0.9949790239334106,0,0,7.013167858123779,0.9184420108795166,1,-0.12775498628616333,-0.005552999675273895,-0.9917899966239929,0,0.9572089910507202,-0.2625040113925934,-0.12183099240064621,0,-0.25967198610305786,-0.9649149775505066,0.03885199502110481,0,6.264248847961426,12.592029571533203,-1.4592770338058472,1,0.9072250127792358,0.39559900760650635,-0.142985999584198,0,-0.10022900998592377,0.533424973487854,0.8398879766464233,0,0.4085310101509094,-0.7476360201835632,0.5235869884490967,0,0,13.826987266540527,0,1,0.8723000288009644,0.4889709949493408,-0.000014999999621068127,0,-0.4889709949493408,0.8723000288009644,0,0,0.000012999999853491317,0.000007000000096013537,1,0,0,21.77301025390625,0,1,0.9597229957580566,-0.24194100499153137,-0.14281301200389862,0,0.26778700947761536,0.9415199756622314,0.20452600717544556,0,0.08497801423072815,-0.23453199863433838,0.9683870077133179,0,0,26.464088439941406,0,1,0.942575991153717,0.30861398577690125,0.12770099937915802,0,-0.3325909972190857,0.9022840261459351,0.27434998750686646,0,-0.0305550005286932,-0.3010680079460144,0.9531130194664001,0,-2.080733060836792,3.8893980979919434,1.8793649673461914,1,0.9594169855117798,-0.27648600935935974,-0.05545099824666977,0,0.2782300114631653,0.9601479768753052,0.026537999510765076,0,0.045903999358415604,-0.04088899865746498,0.998108983039856,0,0,3.9019439220428467,0,1,0.9987429976463318,-0.05008599907159805,0.001706999959424138,0,0.050112999975681305,0.9977949857711792,-0.04352699965238571,0,0.00047699996503069997,0.04355800151824951,0.9990509748458862,0,0,4.102431774139404,0,1,0.9998700022697449,-0.016064003109931946,0.0009909989312291145,0,0.014680003747344017,0.9355120062828064,0.3529900312423706,0,-0.006598000880330801,-0.3529300391674042,0.9356259703636169,0,-2.8032400608062744,13.619125366210938,0.6143010258674622,1,0.9972820281982422,-0.07022199779748917,-0.022300997748970985,0,0.07022300362586975,0.8142979741096497,0.5761839747428894,0,-0.022300997748970985,-0.5761839747428894,0.8170160055160522,0,0,2.4450910091400146,0,1,0.9993330240249634,-0.03610900044441223,-0.005405999720096588,0,0.036090001463890076,0.9544680118560791,0.2961220145225525,0,-0.005531999748200178,-0.2961199879646301,0.9551349878311157,0,0,2.059433937072754,0,1,0.9993810057640076,-0.03487199917435646,-0.004667999222874641,0,0.03322400152683258,0.8917369842529297,0.4513320326805115,0,-0.011576000601053238,-0.4512080252170563,0.8923439979553223,0,-0.06149100139737129,13.711572647094727,-0.13313999772071838,1,0.9987429976463318,-0.04902699589729309,-0.010437998920679092,0,0.04907699674367905,0.9140310287475586,0.4026639759540558,0,-0.010199999436736107,-0.4026699662208557,0.915287971496582,0,0,2.7342190742492676,0,1,0.9995110034942627,-0.030998997390270233,-0.004025999456644058,0,0.031001998111605644,0.9665420055389404,0.2546280026435852,0,-0.004001999739557505,-0.254628986120224,0.9670310020446777,0,0,2.352200984954834,0,1,0.9996430277824402,-0.026413993909955025,0.003998005297034979,0,0.019978990778326988,0.8384979963302612,0.5445380210876465,0,-0.017736000940203667,-0.544264018535614,0.8387269973754883,0,2.8652749061584473,12.981084823608398,-0.31296399235725403,1,0.9993360042572021,-0.0360260009765625,-0.005445999559015036,0,0.0360260009765625,0.9546570181846619,0.29552099108695984,0,-0.005446999333798885,-0.29552099108695984,0.9553210139274597,0,0,2.592458963394165,0,1,0.9997280240058899,-0.023197000846266747,-0.002230999991297722,0,0.023197999224066734,0.981453001499176,0.1902949959039688,0,-0.002224999712780118,-0.1902949959039688,0.9817240238189697,0,0,2.171626091003418,0,1,0.9918220043182373,-0.1101279929280281,-0.0645119920372963,0,0.12272998690605164,0.6841920018196106,0.7189009785652161,0,-0.0350320041179657,-0.7209389805793762,0.6921120285987854,0,5.564863204956055,12.410236358642578,0.6416739821434021,1,0.9996060132980347,0.026913000270724297,-0.00801900029182434,0,-0.022079000249505043,0.9296349883079529,0.36781999468803406,0,0.017354000359773636,-0.3674980103969574,0.9298620223999023,0,0,1.8336529731750488,0,1,0.9998670220375061,-0.016279999166727066,-0.0010529999854043126,0,0.01627499982714653,0.9909430146217346,0.13329100608825684,0,-0.0011259999591857195,-0.13329100608825684,0.9910759925842285,0,0,1.4919699430465698,0,1,0.04354702681303024,-0.018730005249381065,0.9988759756088257,0,-0.9803490042686462,-0.19335201382637024,0.03911402076482773,0,0.19240202009677887,-0.9809510111808777,-0.02678200975060463,0,-6.168188095092773,12.592029571533203,-1.52401602268219,1,0.899740993976593,-0.4310759902000427,0.06812000274658203,0,0.16005900502204895,0.47114598751068115,0.8674110174179077,0,-0.406015008687973,-0.7695419788360596,0.49290698766708374,0,0,13.922137260437012,0,1,0.8897680044174194,-0.45641300082206726,-0.00002700000004551839,0,0.45641300082206726,0.8897680044174194,-0.000008999990313895978,0,0.000027999989470117725,-0.00000400000999434269,1,0,0,21.680068969726562,0,1,0.9643570184707642,0.262349009513855,-0.0344720296561718,0,-0.2615930140018463,0.9648560285568237,0.02494899556040764,0,0.039806026965379715,-0.015041991136968136,0.9990940093994141,0,0,26.395057678222656,0,1,0.9762219786643982,-0.1305360049009323,0.17306500673294067,0,0.05952899903059006,0.9291039705276489,0.364996999502182,0,-0.20844100415706635,-0.34601500630378723,0.9147819876670837,0,2.352828025817871,4.060064792633057,1.9054869413375854,1,0.9962559938430786,0.015664992853999138,0.08502599596977234,0,-0.019670993089675903,0.9987249970436096,0.04648299887776375,0,-0.08418899029493332,-0.047981999814510345,0.9952939748764038,0,0,4.0464701652526855,0,1,0.9998499751091003,-0.017263000831007957,0.0014459999511018395,0,0.017319999635219574,0.9978610277175903,-0.06303100287914276,0,-0.00035499996738508344,0.06304699927568436,0.9980109930038452,0,0,4.102284908294678,0,1,0.9966859817504883,0.07994899898767471,0.015031000599265099,0,-0.0813480019569397,0.9784209728240967,0.18993201851844788,0,0.0004780003218911588,-0.19052501022815704,0.9816820025444031,0,2.9655799865722656,13.623693466186523,0.4713279902935028,1,0.9967730045318604,0.07578100264072418,0.0264699999243021,0,-0.07578200101852417,0.7796499729156494,0.6216130256652832,0,0.026468999683856964,-0.6216139793395996,0.7828770279884338,0,0,2.4450531005859375,0,1,0.9998559951782227,0.016929998993873596,0.0010829997481778264,0,-0.016916997730731964,0.9901819825172424,0.13875599205493927,0,0.001275999820791185,-0.1387539803981781,0.9903259873390198,0,0,2.0594329833984375,0,1,0.9926660060882568,0.11475799232721329,0.038012001663446426,0,-0.12080499529838562,0.9299100041389465,0.3473820090293884,0,0.004517000168561935,-0.3494260013103485,0.9369530081748962,0,0.11246900260448456,13.970365524291992,-0.03334299847483635,1,0.9981330037117004,0.05899599939584732,0.015816999599337578,0,-0.05923999845981598,0.8719879984855652,0.485929012298584,0,0.01487599965184927,-0.485958993434906,0.8738549947738647,0,0,2.734241008758545,0,1,0.9995260238647461,0.013741998001933098,-0.0275379978120327,0,-0.011156998574733734,0.9957060217857361,0.09190098196268082,0,0.02868199720978737,-0.09154998511075974,0.9953870177268982,0,0,2.3521931171417236,0,1,0.9965419769287109,0.07747599482536316,0.03002699464559555,0,-0.08222398906946182,0.8674240112304688,0.4907290041446686,0,0.011974000371992588,-0.49149999022483826,0.8707950115203857,0,-2.7493679523468018,13.308055877685547,-0.012117000296711922,1,0.998924970626831,0.045520998537540436,0.008813001215457916,0,-0.04552000015974045,0.9266859889030457,0.37307000160217285,0,0.008816001005470753,-0.37307000160217285,0.9277610182762146,0,0,2.4558160305023193,0,1,0.9992820024490356,0.022401997819542885,-0.030559998005628586,0,-0.017733000218868256,0.9892249703407288,0.14532199501991272,0,0.033486995846033096,-0.14467599987983704,0.9889119863510132,0,0,2.1717000007629395,0,1,0.9913309812545776,0.11534199118614197,0.06291699409484863,0,-0.12970098853111267,0.7826669812202454,0.6087779998779297,0,0.02097400091588497,-0.6116610169410706,0.7908419966697693,0,-4.565394878387451,11.387080192565918,0.47880399227142334,1,0.999330997467041,0.03606399893760681,0.006001000292599201,0,-0.03622400015592575,0.9545040130615234,0.2959890067577362,0,0.004946000408381224,-0.29600900411605835,0.9551720023155212,0,0,2.2283310890197754,0,1,0.9998670220375061,0.016258997842669487,0.0008729998953640461,0,-0.01622999832034111,0.9909549951553345,0.13321198523044586,0,0.0013009998947381973,-0.1332079917192459,0.991087019443512,0,0,2.0220870971679688,0,1,-0.9960500001907349,-0.042796000838279724,0.07780500501394272,0,0.05727800354361534,-0.9791929721832275,0.19467902183532715,0,0.06785500794649124,0.19836601614952087,0.9777759909629822,0,10.128666877746582,-5.802834987640381,-0.5827029943466187,1,0.9869660139083862,0.0826989933848381,0.13805697858333588,0,0.002880008891224861,0.8486480116844177,-0.528950035572052,0,-0.16090598702430725,0.5224530696868896,0.8373479843139648,0,0,41.15174102783203,0,1,0.9869160056114197,-0.053386982530355453,0.15214002132415771,0,-0.11481102555990219,0.42980995774269104,0.8955900073051453,0,-0.1132039874792099,-0.9013400077819824,0.4180569648742676,0,0,37.49300003051758,0,1,0.997829020023346,-0.0446540005505085,0.04841599985957146,0,-0.003384999930858612,0.6993520259857178,0.7147700190544128,0,-0.06577800214290619,-0.7133809924125671,0.6976820230484009,0,0,20.200000762939453,0,1,-0.9661470055580139,0.07539200037717819,-0.2467290163040161,0,-0.12270700186491013,-0.9755359888076782,0.18240800499916077,0,-0.22694101929664612,0.20650799572467804,0.9517629742622375,0,-10.015142440795898,-5.802847862243652,-0.5827010273933411,1,0.997107982635498,-0.04899001121520996,-0.058094002306461334,0,0.01660401001572609,0.8864439725875854,-0.4625369906425476,0,0.07415700703859329,0.46023499965667725,0.8846949934959412,0,0,41.15166473388672,0,1,0.9803779721260071,0.09887601435184479,-0.17053696513175964,0,0.09515797346830368,0.5202649831771851,0.8486869931221008,0,0.17263899743556976,-0.8482620120048523,0.5006470084190369,0,0,37.49299621582031,0,1,0.9978860020637512,0.044054001569747925,-0.04777299985289574,0,0.0028429999947547913,0.7048419713973999,0.7093589901924133,0,0.06492199748754501,-0.7079949975013733,0.7032269835472107,0,0,20.200000762939453,0,1
