1.033,30,30,67
B0,mixamorig_Hips,-1,0.994827926158905,0.018455440178513527,-0.09979569166898727,0,-0.015137415379285812,0.9993101358413696,0.033897411078214645,0,0.10035264492034912,-0.03220851719379425,0.9944223165512085,0,3.6301894187927246,94.01583862304688,-0.8160173296928406,1
B1,mixamorig_Spine,0,0.999806821346283,-0.0033494909293949604,0.019278883934020996,0,0.005029597785323858,0.9961246848106384,-0.08779462426900864,0,-0.018909472972154617,0.08787301927804947,0.9959518313407898,0,0.012400999665260315,10.445220947265625,-0.9962760210037231,1
B2,mixamorig_Spine1,1,0.9992862939834595,-0.00832523126155138,0.03676975890994072,0,0.007784665562212467,0.9998599290847778,0.014781632460653782,0,-0.036886829882860184,-0.014486141502857208,0.9992111325263977,0,0,12.174813270568848,0,1
B3,mixamorig_Spine2,2,0.9992862939834595,-0.00832523126155138,0.03676975890994072,0,0.004240972921252251,0.9939481616020203,0.10976217687129974,0,-0.03746001422405243,-0.10953009128570557,0.9932740330696106,0,0,14.03822135925293,0,1
B4,mixamorig_Neck,3,0.9996026158332825,-0.02180676907300949,-0.01740708015859127,0,0.022667434066534042,0.9984301328659058,0.050980743020772934,0,0.016279013827443123,-0.051358912140131,0.9985439777374268,0,0.04988599941134453,15.686725616455078,-1.4916470050811768,1
B5,mixamorig_Head,4,0.9971534609794617,0.07391584664583206,-0.01485562976449728,0,-0.07404351234436035,0.9972197413444519,-0.008260365575551987,0,0.014203138649463654,0.009336691349744797,0.9998551607131958,0,0,7.013167858123779,0.9184420108795166,1
B6,mixamorig_HeadTop_End,5,1,0,0,0,0,1,0,0,0,0,1,0,0.17337599396705627,21.490570068359375,2.7023749351501465,1
B7,LeftEye,5,1,0,0,0,0,1,0,0,0,0,1,0,3.0231540203094482,9.781036376953125,8.339932441711426,1
B8,RightEye,5,1,0,0,0,0,1,0,0,0,0,1,0,-2.8669331073760986,9.781036376953125,8.202078819274902,1
B9,mixamorig_LeftShoulder,3,0.2837710678577423,0.006839532405138016,-0.9588674306869507,0,0.8297218084335327,-0.503005862236023,0.24196256697177887,0,-0.4806612730026245,-0.8642557263374329,-0.14841383695602417,0,6.264248847961426,12.592029571533203,-1.4592770338058472,1
B10,mixamorig_LeftArm,9,0.9962989091873169,-0.04662644863128662,0.07008367031812668,0,-0.0006569145480170846,0.8280748128890991,0.560315728187561,0,-0.08428971469402313,-0.5584629774093628,0.8252130746841431,0,0,13.826987266540527,0,1
B11,mixamorig_LeftForeArm,10,0.5537371039390564,0.814591109752655,-0.1722419559955597,0,-0.7859594225883484,0.5796724557876587,0.21462459862232208,0,0.27469339966773987,0.01645520329475403,0.9613679647445679,0,0,21.77301025390625,0,1
B12,mixamorig_LeftHand,11,0.9828888773918152,-0.021391501650214195,-0.18274164199829102,0,0.016360348090529442,0.9992517232894897,-0.02931051515042782,0,0.18310631811618805,0.025796469300985336,0.9825929999351501,0,0,26.464088439941406,0,1
B13,mixamorig_LeftHandThumb1,12,0.924714982509613,0.3619360029697418,0.11791600286960602,0,-0.36853501200675964,0.7736660242080688,0.5153859853744507,0,0.09530899673700333,-0.5200420022010803,0.8488069772720337,0,-2.080733060836792,3.8893980979919434,1.8793649673461914,1
B14,mixamorig_LeftHandThumb2,13,0.991578996181488,-0.12949399650096893,0.001838000025600195,0,0.12950600683689117,0.9915189743041992,-0.010871999897062778,0,-0.0004149999876972288,0.011017999611794949,0.9999390244483948,0,0,3.9019439220428467,0,1
B15,mixamorig_LeftHandThumb3,14,1,0,0.0008999999845400453,0,0,1,1.1721211734538883e-7,0,-0.0008999999845400453,-1.1721211734538883e-7,1,0,0,4.102431774139404,0,1
B16,mixamorig_LeftHandThumb4,15,1,0,0,0,0,1,0,0,0,0,1,0,0,3.2865819931030273,0,1
B17,mixamorig_LeftHandIndex1,12,0.9936811923980713,0.11126334965229034,0.01476238016039133,0,-0.10003826767206192,0.8183436393737793,0.5659522414207458,0,0.0508895218372345,-0.5638526678085327,0.8243029117584229,0,-2.8032400608062744,13.619125366210938,0.6143010258674622,1
B18,mixamorig_LeftHandIndex2,17,0.9958856701850891,0.061943233013153076,0.06614328920841217,0,-0.08532819151878357,0.3952469527721405,0.9145995378494263,0,0.03051132522523403,-0.9164798855781555,0.39890632033348083,0,0,2.4450910091400146,0,1
B19,mixamorig_LeftHandIndex3,18,1,0,0.00006411721551558003,0,0,1,0,0,-0.00006411721551558003,0,1,0,0,2.059433937072754,0,1
B20,mixamorig_LeftHandIndex4,19,1,0,0,0,0,1,0,0,0,0,1,0,0,2.7302310466766357,0,1
B21,mixamorig_LeftHandMiddle1,12,0.9826920032501221,0.13843296468257904,0.12309546023607254,0,-0.18034106492996216,0.563022255897522,0.8065221309661865,0,0.04234370216727257,-0.814761757850647,0.5782431364059448,0,-0.06149100139737129,13.711572647094727,-0.13313999772071838,1
B22,mixamorig_LeftHandMiddle2,21,0.9904835224151611,0.09309115260839462,0.10137442499399185,0,-0.10649487376213074,0.051787424832582474,0.9929600358009338,0,0.08718718588352203,-0.9943063855171204,0.06120866909623146,0,0,2.7342190742492676,0,1
B23,mixamorig_LeftHandMiddle3,22,1,0,-0.000012882779628853314,0,0,1,0,0,0.000012882779628853314,0,1,0,0,2.352200984954834,0,1
B24,mixamorig_LeftHandMiddle4,23,1,0,0,0,0,1,0,0,0,0,1,0,0,2.9197819232940674,0,1
B25,mixamorig_LeftHandRing1,12,0.9839069843292236,-0.01979089342057705,0.17758029699325562,0,-0.13709130883216858,0.5537827014923096,0.8212944865226746,0,-0.11459504812955856,-0.8324228525161743,0.5421575307846069,0,2.8652749061584473,12.981084823608398,-0.31296399235725403,1
B26,mixamorig_LeftHandRing2,25,0.995388388633728,0.0751018226146698,0.05967771261930466,0,-0.06019646301865578,0.004663366358727217,0.9981722235679626,0,0.0746869444847107,-0.997161328792572,0.009162882342934608,0,0,2.592458963394165,0,1
B27,mixamorig_LeftHandRing3,26,1,0,-0.000003000000106112566,0,0,1,0,0,0.000003000000106112566,0,1,0,0,2.171626091003418,0,1
B28,mixamorig_LeftHandRing4,27,1,0,0,0,0,1,0,0,0,0,1,0,0,2.9127719402313232,0,1
B29,mixamorig_LeftHandPinky1,12,0.9678047299385071,-0.09750057756900787,0.2320503294467926,0,-0.1747470498085022,0.40324440598487854,0.898249626159668,0,-0.1811531037092209,-0.9098801612854004,0.37322351336479187,0,5.564863204956055,12.410236358642578,0.6416739821434021,1
B30,mixamorig_LeftHandPinky2,29,0.9940151572227478,0.10655128210783005,0.02408880740404129,0,-0.04146142303943634,0.1639760136604309,0.9855892062187195,0,0.10106637328863144,-0.980689287185669,0.16741231083869934,0,0,1.8336529731750488,0,1
B31,mixamorig_LeftHandPinky3,30,1,9.999914709624136e-7,0.000037000001611886546,0,-9.999914709624136e-7,1,-9.999999974752427e-7,0,-0.000037000001611886546,9.999999974752427e-7,1,0,0,1.4919699430465698,0,1
B32,mixamorig_LeftHandPinky4,31,1,0,0,0,0,1,0,0,0,0,1,0,0,1.8941700458526611,0,1
B33,mixamorig_RightShoulder,3,0.07958352565765381,-0.03316141664981842,0.9962766170501709,0,-0.8166990280151367,-0.5752175450325012,0.046091970056295395,0,0.5715473890304565,-0.8173263669013977,-0.0728621557354927,0,-6.168188095092773,12.592029571533203,-1.52401602268219,1
B34,mixamorig_RightArm,33,0.9537075757980347,0.2735014259815216,0.12382399290800095,0,-0.2824932634830475,0.6778517961502075,0.678546667098999,0,0.10170944780111313,-0.6823561787605286,0.7238978147506714,0,0,13.922137260437012,0,1
B35,mixamorig_RightForeArm,34,0.9192029237747192,-0.2628147602081299,0.2930334210395813,0,0.24311020970344543,0.9645674824714661,0.10243551433086395,0,-0.3095720112323761,-0.022884435951709747,0.950538694858551,0,0,21.680068969726562,0,1
B36,mixamorig_RightHand,35,0.9705116748809814,-0.20844246447086334,0.12000464648008347,0,0.2251681685447693,0.962534487247467,-0.14912445843219757,0,-0.08416254073381424,0.17173142731189728,0.9813739061355591,0,0,26.395057678222656,0,1
B37,mixamorig_RightHandThumb1,36,0.8913127779960632,-0.4219437539577484,-0.16578607261180878,0,0.45282313227653503,0.8457077145576477,0.2820836901664734,0,0.021123241633176804,-0.3264816403388977,0.9449054598808289,0,2.352828025817871,4.060064792633057,1.9054869413375854,1
B38,mixamorig_RightHandThumb2,37,0.8879287242889404,0.22973699867725372,0.3984975218772888,0,-0.32161134481430054,0.9294518232345581,0.1807723045349121,0,-0.3288510739803314,-0.2886755168437958,0.899177074432373,0,0,4.0464701652526855,0,1
B39,mixamorig_RightHandThumb3,38,0.9999979734420776,-9.999999974752427e-7,-0.0017839999636635184,0,9.999999974752427e-7,1,0,0,0.0017839999636635184,0,0.9999979734420776,0,0,4.102284908294678,0,1
B40,mixamorig_RightHandThumb4,39,1,0,0,0,0,1,0,0,0,0,1,0,0,2.994673013687134,0,1
B41,mixamorig_RightHandIndex1,36,0.999140739440918,0.02328391931951046,-0.0342906191945076,0,-0.0009638166520744562,0.8401331305503845,0.5423635840415955,0,0.04143509641289711,-0.541864275932312,0.8394339084625244,0,2.9655799865722656,13.623693466186523,0.4713279902935028,1
B42,mixamorig_RightHandIndex2,41,0.996334969997406,-0.025565246120095253,-0.08161067217588425,0,0.08510801941156387,0.38874584436416626,0.9172536134719849,0,0.008249129168689251,-0.9208394289016724,0.3895006775856018,0,0,2.4450531005859375,0,1
B43,mixamorig_RightHandIndex3,42,1,9.999915846492513e-7,-0.00009699999645818025,0,-9.999915846492513e-7,1,-9.999999974752427e-7,0,0.00009699999645818025,9.999999974752427e-7,1,0,0,2.0594329833984375,0,1
B44,mixamorig_RightHandIndex4,43,1,0,0,0,0,1,0,0,0,0,1,0,0,2.730319023132324,0,1
B45,mixamorig_RightHandMiddle1,36,0.9964003562927246,0.0027890971396118402,-0.08472026139497757,0,0.062264636158943176,0.653961181640625,0.7538217306137085,0,0.05749059468507767,-0.7563847899436951,0.651435911655426,0,0.11246900260448456,13.970365524291992,-0.03334299847483635,1
B46,mixamorig_RightHandMiddle2,45,0.9938084483146667,-0.03243580460548401,-0.10625316947698593,0,0.11106876283884048,0.30386948585510254,0.9460827708244324,0,0.0015774958301335573,-0.9520278573036194,0.30559441447257996,0,0,2.734241008758545,0,1
B47,mixamorig_RightHandMiddle3,46,1,9.999999974752427e-7,-0.00007300000288523734,0,-9.999999974752427e-7,1,9.999999974752427e-7,0,0.00007300000288523734,-9.999999974752427e-7,1,0,0,2.3521931171417236,0,1
B48,mixamorig_RightHandMiddle4,47,1,0,0,0,0,1,0,0,0,0,1,0,0,2.9198050498962402,0,1
B49,mixamorig_RightHandRing1,36,0.9991639256477356,-0.012869557365775108,-0.03795045241713524,0,0.03689340129494667,0.6683622002601624,0.7426897287368774,0,0.015925949439406395,-0.743484377861023,0.6683273911476135,0,-2.7493679523468018,13.308055877685547,-0.012117000296711922,1
B50,mixamorig_RightHandRing2,49,0.9926340579986572,-0.1110045313835144,-0.04851626232266426,0,0.06891342252492905,0.1881081759929657,0.9795724153518677,0,-0.09963704645633698,-0.975698709487915,0.19437390565872192,0,0,2.4558160305023193,0,1
B51,mixamorig_RightHandRing3,50,1,9.999999974752427e-7,0.000007999999979801942,0,-9.999999974752427e-7,1,9.999999974752427e-7,0,-0.000007999999979801942,-9.999999974752427e-7,1,0,0,2.1717000007629395,0,1
B52,mixamorig_RightHandRing4,51,1,0,0,0,0,1,0,0,0,0,1,0,0,2.9127440452575684,0,1
B53,mixamorig_RightHandPinky1,36,0.9917762875556946,-0.11729329824447632,-0.051176875829696655,0,0.11995366215705872,0.7128797173500061,0.6907505393028259,0,-0.04456821084022522,-0.6912078857421875,0.7210915684700012,0,-4.565394878387451,11.387080192565918,0.47880399227142334,1
B54,mixamorig_RightHandPinky2,53,0.9824361801147461,-0.17862196266651154,-0.05396347492933273,0,0.06604140996932983,0.06243177875876427,0.9957020878791809,0,-0.1745079606771469,-0.9817755818367004,0.07313288003206253,0,0,2.2283310890197754,0,1
B55,mixamorig_RightHandPinky3,54,1,8.82787901446136e-7,-0.00021499999274965376,0,-8.82787901446136e-7,1,0,0,0.00021499999274965376,0,1,0,0,2.0220870971679688,0,1
B56,mixamorig_RightHandPinky4,55,1,0,0,0,0,1,0,0,0,0,1,0,0,2.315701961517334,0,1
B57,mixamorig_LeftUpLeg,0,-0.975000262260437,-0.031081082299351692,0.21991580724716187,0,0.011889169923961163,-0.9960163831710815,-0.08810020983219147,0,0.22180600464344025,-0.08330360054969788,0.9715160727500916,0,10.128666877746582,-5.802834987640381,-0.5827029943466187,1
B58,mixamorig_LeftLeg,57,0.9320175051689148,-0.1326245665550232,-0.337087482213974,0,-0.022508371621370316,0.907139778137207,-0.418949156999588,0,0.36171120405197144,0.39803728461265564,0.8424825668334961,0,0,41.15174102783203,0,1
B59,mixamorig_LeftFoot,58,0.9761033654212952,0.1275835782289505,0.1758604645729065,0,-0.20737352967262268,0.3058914244174957,0.9291842579841614,0,0.06477118283510208,-0.9434539675712585,0.3250541388988495,0,9.999999974752427e-7,37.49300003051758,0,1
B60,mixamorig_LeftToeBase,59,0.9823212623596191,-0.0847107321023941,0.16683882474899292,0,-0.0918317511677742,0.5589818954467773,0.8232699036598206,0,-0.16305719316005707,-0.8240282535552979,0.541319727897644,0,0,20.200000762939453,0,1
B61,mixamorig_LeftToe_End,60,1,0,0,0,0,1,0,0,0,0,1,0,0,7.526000022888184,0,1
B62,mixamorig_RightUpLeg,0,-0.9951491951942444,0.020510859787464142,-0.09616351127624512,0,-0.07225434482097626,-0.8159546852111816,0.5734569430351257,0,-0.06667312979698181,0.5776301026344299,0.813483715057373,0,-10.015142440795898,-5.802847862243652,-0.5827010273933411,1
B63,mixamorig_RightLeg,62,0.9970731139183044,-0.04722427949309349,-0.05985516682267189,0,0.01998293772339821,0.9200169444084167,-0.3904503285884857,0,0.07349980622529984,0.38811343908309937,0.9182673692703247,0,0,41.15166473388672,0,1
B64,mixamorig_RightFoot,63,0.9857131242752075,-0.10179289430379868,-0.13138949871063232,0,0.16264896094799042,0.417481005191803,0.8937886357307434,0,-0.035899341106414795,-0.9024138450622559,0.42836835980415344,0,9.999999974752427e-7,37.49299621582031,0,1
B65,mixamorig_RightToeBase,64,0.9936859607696533,0.05597329139709473,-0.09693253040313721,0,0.05128074809908867,0.5426979064941406,0.8382916450500488,0,0.0995558351278305,-0.8379635810852051,0.5364179015159607,0,0,20.200000762939453,0,1
B66,mixamorig_RightToe_End,65,1,0,0,0,0,1,0,0,0,0,1,0,0,7.525997161865234,0,1
@52,0,1,2,3,4,5,9,10,11,12,13,14,15,17,18,19,21,22,23,25,26,27,29,30,31,33,34,35,36,37,38,39,41,42,43,45,46,47,49,50,51,53,54,55,57,58,59,60,62,63,64,65
K0.000,0.9977160096168518,-0.04621800035238266,-0.0492670014500618,0,0.04703399911522865,0.9987729787826538,0.01553099974989891,0,0.04848900064826012,-0.017813000828027725,0.9986649751663208,0,-0.05636100098490715,94.80284881591797,0.5015529990196228,1,0.9996790289878845,0.024908000603318214,-0.004600000102072954,0,-0.025225000455975533,0.9954620003700256,-0.09175799787044525,0,0.002294000005349517,0.09184399992227554,0.9957709908485413,0,0.012400999665260315,10.445220947265625,-0.9962760210037231,1,0.9998890161514282,0.009858000092208385,-0.011137999594211578,0,-0.009782000444829464,0.9999290108680725,0.0068259998224675655,0,0.01120499987155199,-0.0067159999161958694,0.9999150037765503,0,0,12.174813270568848,0,1,0.9998890161514282,0.009858000092208385,-0.011137999594211578,0,-0.008671999908983707,0.9947559833526611,0.10191000252962112,0,0.012085000053048134,-0.10180199891328812,0.9947310090065002,0,0,14.03822135925293,0,1,0.9997460246086121,-0.02108299918472767,0.007957999594509602,0,0.02108299918472767,0.9997779726982117,0.00009300000237999484,0,-0.007957999594509602,0.00007500000356230885,0.9999679923057556,0,0.04988599941134453,15.686725616455078,-1.4916470050811768,1,0.9980499744415283,0.030729999765753746,0.054322000592947006,0,-0.033250000327825546,0.9983829855918884,0.04610700160264969,0,-0.05281699821352959,-0.04782300069928169,0.9974579811096191,0,0,7.013167858123779,0.9184420108795166,1,0.2536360025405884,0.010152000002563,-0.9672459959983826,0,0.824908971786499,-0.5244860053062439,0.21080699563026428,0,-0.5051670074462891,-0.8513579964637756,-0.14140300452709198,0,6.264248847961426,12.592029571533203,-1.4592770338058472,1,0.9881730079650879,-0.08034899830818176,0.13060599565505981,0,-0.012362999841570854,0.8072069883346558,0.5901380181312561,0,-0.15284399688243866,-0.5847740173339844,0.7966669797897339,0,0,13.826987266540527,0,1,0.8063870072364807,0.5290160179138184,-0.2643510103225708,0,-0.473147988319397,0.8452810049057007,0.24825799465179443,0,0.35478299856185913,-0.07511500269174576,0.9319260120391846,0,0,21.77301025390625,0,1,0.9329059720039368,0.15271200239658356,-0.3261370062828064,0,-0.2168560028076172,0.9612500071525574,-0.17021000385284424,0,0.28750601410865784,0.2295140027999878,0.929872989654541,0,0,26.464088439941406,0,1,0.924714982509613,0.3619360029697418,0.11791600286960602,0,-0.36853501200675964,0.7736660242080688,0.5153859853744507,0,0.09530899673700333,-0.5200420022010803,0.8488069772720337,0,-2.080733060836792,3.8893980979919434,1.8793649673461914,1,0.991578996181488,-0.12949399650096893,0.001838000025600195,0,0.12950600683689117,0.9915189743041992,-0.010871999897062778,0,-0.0004140000091865659,0.011017999611794949,0.9999390244483948,0,0,3.9019439220428467,0,1,1,0,0.0008999999845400453,0,0,1,0,0,-0.0008999999845400453,0,1,0,0,4.102431774139404,0,1,0.9972000122070312,0.07044199854135513,0.02510800026357174,0,-0.06887300312519073,0.7342529892921448,0.6753730177879333,0,0.029139000922441483,-0.6752110123634338,0.7370489835739136,0,-2.8032400608062744,13.619125366210938,0.6143010258674622,1,0.9927340149879456,0.07064700126647949,0.09741099923849106,0,-0.1061829999089241,0.13344700634479523,0.985351026058197,0,0.056612998247146606,-0.9885349869728088,0.13997900485992432,0,0,2.4450910091400146,0,1,1,0,0.00006399999983841553,0,0,1,0,0,-0.00006399999983841553,0,1,0,0,2.059433937072754,0,1,0.9855440258979797,0.10192900151014328,0.1353279948234558,0,-0.16700899600982666,0.4502359926700592,0.8771520256996155,0,0.028478000313043594,-0.8870729804039001,0.4607509970664978,0,-0.06149100139737129,13.711572647094727,-0.13313999772071838,1,0.9873530268669128,0.09053800255060196,0.13014499843120575,0,-0.10771899670362473,-0.2192070037126541,0.9697139859199524,0,0.1163249984383583,-0.9714679718017578,-0.2066819965839386,0,0,2.7342190742492676,0,1,1,0,-0.000012000000424450263,0,0,1,0,0,0.000012000000424450263,0,1,0,0,2.352200984954834,0,1,0.9785820245742798,-0.0539340004324913,0.1986680030822754,0,-0.15528300404548645,0.44018399715423584,0.8843780159950256,0,-0.1351490020751953,-0.8962860107421875,0.4223810136318207,0,2.8652749061584473,12.981084823608398,-0.31296399235725403,1,0.9944310188293457,0.0730379968881607,0.07597099989652634,0,-0.05409099906682968,-0.2649419903755188,0.9627460241317749,0,0.09044499695301056,-0.9614940285682678,-0.25951600074768066,0,0,2.592458963394165,0,1,1,0,-0.000003000000106112566,0,0,1,0,0,0.000003000000106112566,0,1,0,0,2.171626091003418,0,1,0.9576629996299744,-0.1289920061826706,0.25737398862838745,0,-0.21303999423980713,0.28377801179885864,0.9349250197410583,0,-0.1936350017786026,-0.9501739740371704,0.24428300559520721,0,5.564863204956055,12.410236358642578,0.6416739821434021,1,0.9938520193099976,0.10671000182628632,0.029518000781536102,0,-0.01805100031197071,-0.10687299817800522,0.9941089749336243,0,0.10923600196838379,-0.9885299801826477,-0.10429000109434128,0,0,1.8336529731750488,0,1,1,0,0.000037000001611886546,0,0,1,0,0,-0.000037000001611886546,0,1,0,0,1.4919699430465698,0,1,0.1266160011291504,-0.026141000911593437,0.9916070103645325,0,-0.8373860120773315,-0.5386899709701538,0.09272299706935883,0,0.5317450165748596,-0.8420979976654053,-0.09009700268507004,0,-6.168188095092773,12.592029571533203,-1.52401602268219,1,0.9451619982719421,0.3182370066642761,-0.07344599813222885,0,-0.19539999961853027,0.7311810255050659,0.6535999774932861,0,0.2617030143737793,-0.6034060120582581,0.7532680034637451,0,0,13.922137260437012,0,1,0.8888059854507446,-0.4197959899902344,0.18383300304412842,0,0.36597201228141785,0.8916109800338745,0.2666339874267578,0,-0.2758390009403229,-0.1697089970111847,0.9461029767990112,0,0,21.680068969726562,0,1,0.9239770174026489,-0.05193300172686577,0.3789060115814209,0,0.09473799914121628,0.9909390211105347,-0.09520299732685089,0,-0.3705289959907532,0.12386299669742584,0.9205250144004822,0,0,26.395057678222656,0,1,0.9106410145759583,-0.39981600642204285,-0.10430499911308289,0,0.4107480049133301,0.8484830260276794,0.3337100148200989,0,-0.04492099955677986,-0.3467339873313904,0.9368870258331299,0,2.352828025817871,4.060064792633057,1.9054869413375854,1,0.8966959714889526,0.2011300027370453,0.3943139910697937,0,-0.28475600481033325,0.9441210031509399,0.16597899794578552,0,-0.3388969898223877,-0.26111599802970886,0.9038630127906799,0,0,4.0464701652526855,0,1,0.9999979734420776,0,-0.0017839999636635184,0,0,1,0,0,0.0017839999636635184,0,0.9999979734420776,0,0,4.102284908294678,0,1,0.9990540146827698,0.013793000020086765,-0.04125199839472771,0,0.01561299990862608,0.7714710235595703,0.6360729932785034,0,0.04059800133109093,-0.6361150145530701,0.7705249786376953,0,2.9655799865722656,13.623693466186523,0.4713279902935028,1,0.9963120222091675,-0.025071000680327415,-0.08206400275230408,0,0.0853390023112297,0.38941898941993713,0.9170989990234375,0,0.008964000269770622,-0.9207199811935425,0.3901219964027405,0,0,2.4450531005859375,0,1,1,0,-0.00009699999645818025,0,0,1,0,0,0.00009699999645818025,0,1,0,0,2.0594329833984375,0,1,0.9964119791984558,0.00405499991029501,-0.08453500270843506,0,0.061184998601675034,0.6555879712104797,0.7526360154151917,0,0.05847100168466568,-0.7551079988479614,0.6529880166053772,0,0.11246900260448456,13.970365524291992,-0.03334299847483635,1,0.9936450123786926,-0.03121899999678135,-0.10814499855041504,0,0.11255200207233429,0.28763699531555176,0.9511029720306396,0,0.0014140000566840172,-0.9572309851646423,0.28932300209999084,0,0,2.734241008758545,0,1,1,0,-0.00007300000288523734,0,0,1,0,0,0.00007300000288523734,0,1,0,0,2.3521931171417236,0,1,0.9964929819107056,-0.06334000080823898,-0.05468200147151947,0,0.08301500231027603,0.6661459803581238,0.7411869764328003,0,-0.010521000251173973,-0.7431269884109497,0.6690679788589478,0,-2.7493679523468018,13.308055877685547,-0.012117000296711922,1,0.9924389719963074,-0.11200100183486938,-0.05021499842405319,0,0.06796299666166306,0.16075800359249115,0.9846510291099548,0,-0.10220900177955627,-0.9806180000305176,0.16715499758720398,0,0,2.4558160305023193,0,1,1,0,0.000007999999979801942,0,0,1,0,0,-0.000007999999979801942,0,1,0,0,2.1717000007629395,0,1,0.9912089705467224,-0.12016499787569046,-0.05536099895834923,0,0.12462399899959564,0.7075080275535583,0.6956310272216797,0,-0.044422000646591187,-0.6964150071144104,0.7162629961967468,0,-4.565394878387451,11.387080192565918,0.47880399227142334,1,0.9820870161056519,-0.18044699728488922,-0.05425500124692917,0,0.06320899724960327,0.04424599930644035,0.9970189929008484,0,-0.17750799655914307,-0.9825890064239502,0.05485999956727028,0,0,2.2283310890197754,0,1,1,0,-0.00021499999274965376,0,0,1,0,0,0.00021499999274965376,0,1,0,0,2.0220870971679688,0,1,-0.9867950081825256,-0.08040399849414825,0.14061099290847778,0,0.13731099665164948,-0.8757200241088867,0.46288299560546875,0,0.08591900020837784,0.47607800364494324,0.8751959800720215,0,10.128666877746582,-5.802834987640381,-0.5827029943466187,1,0.9997760057449341,-0.009266999550163746,-0.01904500089585781,0,-0.015080000273883343,0.32000601291656494,-0.9472960233688354,0,0.014872999861836433,0.9473699927330017,0.3197939991950989,0,0,41.15174102783203,0,1,0.9919829964637756,0.028483999893069267,0.12312000244855881,0,-0.11507300287485123,0.6062790155410767,0.7868829965591431,0,-0.05223200097680092,-0.7947419881820679,0.6046959757804871,0,0,37.49300003051758,0,1,0.9980189800262451,-0.0598750002682209,0.01929900050163269,0,0.02505600079894066,0.6597219705581665,0.7510920166969299,0,-0.057704001665115356,-0.7491210103034973,0.6599149703979492,0,0,20.200000762939453,0,1,-0.9845979809761047,-0.10580199956893921,-0.13918599486351013,0,0.06413199752569199,-0.9591749906539917,0.2754470109939575,0,-0.16264599561691284,0.2622779905796051,0.951187014579773,0,-10.015142440795898,-5.802847862243652,-0.5827010273933411,1,0.9911440014839172,0.05601999908685684,0.12039999663829803,0,0.01824199967086315,0.8406310081481934,-0.5413010120391846,0,-0.13153499364852905,0.5387030243873596,0.8321639895439148,0,0,41.15166473388672,0,1,0.9834790229797363,-0.1135450005531311,-0.1409820020198822,0,0.17618800699710846,0.4216710031032562,0.8894670009613037,0,-0.04154700040817261,-0.8996120095252991,0.43470999598503113,0,0,37.49299621582031,0,1,0.9962620139122009,0.050728000700473785,-0.06992500275373459,0,0.020907999947667122,0.6437739729881287,0.764930009841919,0,0.08382000029087067,-0.7635319828987122,0.6403070092201233,0,0,20.200000762939453,0,1
K0.033,0.9987350106239319,-0.04382000118494034,-0.024666795507073402,0,0.04423999786376953,0.9988809823989868,0.016732987016439438,0,0.02390679530799389,-0.01780397817492485,0.9995560050010681,0,-0.1955340951681137,95.56482696533203,0.3777613341808319,1,0.9997509717941284,0.019054939970374107,-0.011580057442188263,0,-0.020034946501255035,0.9956120252609253,-0.09140197932720184,0,0.009787063114345074,0.09161197394132614,0.9957470297813416,0,0.012400999665260315,10.445220947265625,-0.9962760210037231,1,0.9997230172157288,0.00499297771602869,-0.02298710122704506,0,-0.004820975940674543,0.9999600052833557,0.00750303827226162,0,0.023023100569844246,-0.007390038575977087,0.9997079968452454,0,0,12.174813270568848,0,1,0.9997230172157288,0.00499297771602869,-0.02298710122704506,0,-0.0026099663227796555,0.9947230219841003,0.10256403684616089,0,0.02337709814310074,-0.10247503966093063,0.9944609999656677,0,0,14.03822135925293,0,1,0.999908983707428,-0.008195828646421432,0.0107000432908535,0,0.008094828575849533,0.999921977519989,0.009482008405029774,0,-0.01077704131603241,-0.009394010528922081,0.9998980164527893,0,0.04988599941134453,15.686725616455078,-1.4916470050811768,1,0.9983130097389221,0.02499488554894924,0.05239895358681679,0,-0.027045883238315582,0.9988800287246704,0.03881297633051872,0,-0.051369957625865936,-0.040164969861507416,0.997871994972229,0,0,7.013167858123779,0.9184420108795166,1,0.23297491669654846,0.015443015843629837,-0.9723600149154663,0,0.8368260264396667,-0.512561023235321,0.19236090779304504,0,-0.4954240322113037,-0.8585119843482971,-0.13233697414398193,0,6.264248847961426,12.592029571533203,-1.4592770338058472,1,0.9827649593353271,-0.15600864589214325,0.0991644412279129,0,0.05907483026385307,0.7733578085899353,0.6312121152877808,0,-0.17516398429870605,-0.6144750714302063,0.7692450284957886,0,0,13.826987266540527,0,1,0.8237749338150024,0.506178081035614,-0.2553010880947113,0,-0.45867007970809937,0.8597489595413208,0.22461900115013123,0,0.3331920802593231,-0.06793691217899323,0.9404079914093018,0,0,21.77301025390625,0,1,0.9179320335388184,0.16751696169376373,-0.3596367835998535,0,-0.23274391889572144,0.9614869952201843,-0.14619705080986023,0,0.321295827627182,0.2179029881954193,0.9215680360794067,0,0,26.464088439941406,0,1,0.924714982509613,0.3619360029697418,0.11791600286960602,0,-0.36853501200675964,0.7736660242080688,0.5153859853744507,0,0.09530899673700333,-0.5200420022010803,0.8488069772720337,0,-2.080733060836792,3.8893980979919434,1.8793649673461914,1,0.991578996181488,-0.12949399650096893,0.001838000025600195,0,0.12950600683689117,0.9915189743041992,-0.010871999897062778,0,-0.0004140000091865659,0.011017999611794949,0.9999390244483948,0,0,3.9019439220428467,0,1,1,0,0.0008999999845400453,0,0,1,0,0,-0.0008999999845400453,0,1,0,0,4.102431774139404,0,1,0.9970329999923706,0.07309102267026901,0.024158986285328865,0,-0.07100801914930344,0.75201815366745,0.6553057432174683,0,0.029729003086686134,-0.6550767421722412,0.7549771666526794,0,-2.8032400608062744,13.619125366210938,0.6143010258674622,1,0.9933980107307434,0.06963198632001877,0.0911739319562912,0,-0.1027059555053711,0.1857045590877533,0.9772228598594666,0,0.05111493915319443,-0.980134904384613,0.19163057208061218,0,0,2.4450910091400146,0,1,1,0,0.00006399999983841553,0,0,1,0,0,-0.00006399999983841553,0,1,0,0,2.059433937072754,0,1,0.985476016998291,0.10459502041339874,0.1337829828262329,0,-0.16764099895954132,0.4734642803668976,0.8647128343582153,0,0.02710297890007496,-0.8745808005332947,0.48412126302719116,0,-0.06149100139737129,13.711572647094727,-0.13313999772071838,1,0.9879639744758606,0.09163400530815125,0.12462194263935089,0,-0.10810600221157074,-0.1672104150056839,0.9799760580062866,0,0.11063694208860397,-0.9816540479660034,-0.15529143810272217,0,0,2.7342190742492676,0,1,1,0,-0.000012000000424450263,0,0,1,0,0,0.000012000000424450263,0,1,0,0,2.352200984954834,0,1,0.9791569709777832,-0.051078975200653076,0.19657497107982635,0,-0.1511109620332718,0.46347326040267944,0.8731308579444885,0,-0.13570600748062134,-0.8846368789672852,0.4460952579975128,0,2.8652749061584473,12.981084823608398,-0.31296399235725403,1,0.9946079850196838,0.07380101084709167,0.07286396622657776,0,-0.055613014847040176,-0.2134874314069748,0.9753611087799072,0,0.08753896504640579,-0.9741541147232056,-0.20823243260383606,0,0,2.592458963394165,0,1,1,0,-0.000003000000106112566,0,0,1,0,0,0.000003000000106112566,0,1,0,0,2.171626091003418,0,1,0.9586399793624878,-0.12600797414779663,0.25520697236061096,0,-0.20666992664337158,0.30833426117897034,0.9285569190979004,0,-0.19569402933120728,-0.9428958892822266,0.2695392966270447,0,5.564863204956055,12.410236358642578,0.6416739821434021,1,0.9938740134239197,0.10679499804973602,0.028462989255785942,0,-0.022760050371289253,-0.0542474202811718,0.9982680082321167,0,0.10815398395061493,-0.9927999973297119,-0.05148441717028618,0,0,1.8336529731750488,0,1,1,0,0.000037000001611886546,0,0,1,0,0,-0.000037000001611886546,0,1,0,0,1.4919699430465698,0,1,0.13972806930541992,-0.02453100122511387,0.9898859858512878,0,-0.8429121375083923,-0.5275248289108276,0.1059090793132782,0,0.5195907950401306,-0.8491851091384888,-0.09438701719045639,0,-6.168188095092773,12.592029571533203,-1.52401602268219,1,0.9297831058502197,0.3448334336280823,-0.12881354987621307,0,-0.18066923320293427,0.732376217842102,0.6564929485321045,0,0.3207210600376129,-0.5871240496635437,0.7432519197463989,0,0,13.922137260437012,0,1,0.815121591091156,-0.5673096776008606,0.11720065772533417,0,0.5150586366653442,0.8023494482040405,0.30157914757728577,0,-0.26512497663497925,-0.18545810878276825,0.9462100267410278,0,0,21.680068969726562,0,1,0.9049199819564819,0.05095774680376053,0.42251989245414734,0,-0.014282735995948315,0.9958829283714294,-0.08951620012521744,0,-0.425341933965683,0.07496988028287888,0.9019220471382141,0,0,26.395057678222656,0,1,0.9060699343681335,-0.40873610973358154,-0.10941506177186966,0,0.4201921224594116,0.8387778997421265,0.3462521433830261,0,-0.04975006356835365,-0.3597041368484497,0.9317389130592346,0,2.352828025817871,4.060064792633057,1.9054869413375854,1,0.9032920598983765,0.20006690919399261,0.3795209527015686,0,-0.27805787324905396,0.9466760754585266,0.16275295615196228,0,-0.32672199606895447,-0.2525418996810913,0.9107549786567688,0,0,4.0464701652526855,0,1,0.9999979734420776,0,-0.0017839999636635184,0,0,1,0,0,0.0017839999636635184,0,0.9999979734420776,0,0,4.102284908294678,0,1,0.9990010261535645,0.013074989430606365,-0.042735010385513306,0,0.018411025404930115,0.7509308457374573,0.6601241827011108,0,0.04072199761867523,-0.6602512001991272,0.7499397993087769,0,2.9655799865722656,13.623693466186523,0.4713279902935028,1,0.9961609840393066,-0.025707008317112923,-0.08368001133203506,0,0.08723602443933487,0.37108683586120605,0.9244910478591919,0,0.007286982610821724,-0.9282420873641968,0.37190482020378113,0,0,2.4450531005859375,0,1,1,0,-0.00009699999645818025,0,0,1,0,0,0.00009699999645818025,0,1,0,0,2.0594329833984375,0,1,0.9962109923362732,0.0021319889929145575,-0.08694101125001907,0,0.06572703272104263,0.636184811592102,0.7687321305274963,0,0.05694998428225517,-0.7715341448783875,0.6336337924003601,0,0.11246900260448456,13.970365524291992,-0.03334299847483635,1,0.993461012840271,-0.03167600557208061,-0.10969001799821854,0,0.11417001485824585,0.2702138125896454,0.9560070633888245,0,-0.000642022117972374,-0.9622790813446045,0.2720628082752228,0,0,2.734241008758545,0,1,1,0,-0.00007300000288523734,0,0,1,0,0,0.00007300000288523734,0,1,0,0,2.3521931171417236,0,1,0.9962049722671509,-0.06569802016019821,-0.05709201842546463,0,0.08612801879644394,0.6494288444519043,0.7555291056632996,0,-0.012559021823108196,-0.7575791478157043,0.6526218056678772,0,-2.7493679523468018,13.308055877685547,-0.012117000296711922,1,0.9922940135002136,-0.11243800818920135,-0.052067019045352936,0,0.06768299639225006,0.1398697942495346,0.98785400390625,0,-0.10379001498222351,-0.9837650060653687,0.14640279114246368,0,0,2.4558160305023193,0,1,1,0,0.000007999999979801942,0,0,1,0,0,-0.000007999999979801942,0,1,0,0,2.1717000007629395,0,1,0.9906269907951355,-0.12351702153682709,-0.058328017592430115,0,0.12815701961517334,0.6926628947257996,0.7097851037979126,0,-0.047269027680158615,-0.71060711145401,0.7019999027252197,0,-4.565394878387451,11.387080192565918,0.47880399227142334,1,0.9819350242614746,-0.18078400194644928,-0.05585701763629913,0,0.06071797385811806,0.021463753655552864,0.9979239702224731,0,-0.17921002209186554,-0.9832890033721924,0.03205275535583496,0,0,2.2283310890197754,0,1,1,0,-0.00021499999274965376,0,0,1,0,0,0.00021499999274965376,0,1,0,0,2.0220870971679688,0,1,-0.9880239963531494,-0.06407689303159714,0.1403638869524002,0,0.1280798763036728,-0.8478718400001526,0.514499306678772,0,0.08604291826486588,0.5263152718544006,0.8459247946739197,0,10.128666877746582,-5.802834987640381,-0.5827029943466187,1,0.9998170137405396,0.015867257490754128,0.010698354803025723,0,0.002765109995380044,0.43338143825531006,-0.9012061357498169,0,-0.018936417996883392,0.9010701775550842,0.43325844407081604,0,0,41.15174102783203,0,1,0.9915249943733215,0.031161079183220863,0.12612003087997437,0,-0.1215260848402977,0.5656176209449768,0.8156642317771912,0,-0.04591890051960945,-0.8240792155265808,0.5646106600761414,0,0,37.49300003051758,0,1,0.9967019557952881,-0.05994695425033569,0.054689906537532806,0,-0.002735735382884741,0.6487639546394348,0.7609840035438538,0,-0.0810985416173935,-0.7586250305175781,0.6464608311653137,0,0,20.200000762939453,0,1,-0.982729971408844,-0.09870585799217224,-0.15652015805244446,0,0.0677579790353775,-0.9790540933609009,0.19199320673942566,0,-0.17219309508800507,0.17807221412658691,0.9688341021537781,0,-10.015142440795898,-5.802847862243652,-0.5827010273933411,1,0.9886079430580139,0.06096211448311806,0.13761818408966064,0,0.017179938033223152,0.8626281023025513,-0.5055457353591919,0,-0.14953221380710602,0.5021507143974304,0.8517541289329529,0,0,41.15166473388672,0,1,0.982014000415802,-0.12564705312252045,-0.14092999696731567,0,0.18090203404426575,0.41240987181663513,0.8928570747375488,0,-0.054064080119132996,-0.9022920727729797,0.42772188782691956,0,0,37.49299621582031,0,1,0.9964150190353394,0.049213994294404984,-0.06881701201200485,0,0.021457020193338394,0.639805018901825,0.7682369947433472,0,0.08183800429105759,-0.7669600248336792,0.6364549994468689,0,0,20.200000762939453,0,1
